evaluations raw_y
1 4.0000000000
10 6.0000000000
12 8.0000000000
78 9.0000000000
146 10.0000000000
281 12.0000000000
367 13.0000000000
449 14.0000000000
553 16.0000000000
679 18.0000000000
782 21.0000000000
798 22.0000000000
1147 25.0000000000
1187 28.0000000000
1318 31.0000000000
1431 32.0000000000
2444 34.0000000000
2467 37.0000000000
2646 38.0000000000
2731 41.0000000000
3277 45.0000000000
3526 46.0000000000
3729 48.0000000000
3929 49.0000000000
4123 52.0000000000
4273 53.0000000000
4520 59.0000000000
4816 62.0000000000
5019 64.0000000000
5050 65.0000000000
5141 66.0000000000
5344 67.0000000000
5507 70.0000000000
5562 71.0000000000
6836 74.0000000000
7199 76.0000000000
7303 77.0000000000
7602 78.0000000000
7870 80.0000000000
7877 83.0000000000
8125 85.0000000000
8846 88.0000000000
9198 89.0000000000
9275 90.0000000000
9283 96.0000000000
9317 97.0000000000
9763 98.0000000000
10445 100.0000000000
100000 100.0000000000
evaluations raw_y
1 3.0000000000
6 5.0000000000
12 7.0000000000
24 9.0000000000
296 14.0000000000
416 15.0000000000
466 20.0000000000
626 21.0000000000
840 23.0000000000
964 24.0000000000
968 25.0000000000
993 27.0000000000
1088 28.0000000000
1195 29.0000000000
1340 31.0000000000
1432 32.0000000000
1955 34.0000000000
1974 36.0000000000
2031 38.0000000000
2035 39.0000000000
2281 40.0000000000
2385 44.0000000000
2647 47.0000000000
2754 50.0000000000
2792 54.0000000000
2879 56.0000000000
2932 58.0000000000
2966 59.0000000000
3109 60.0000000000
3342 63.0000000000
3413 64.0000000000
3467 67.0000000000
3481 68.0000000000
3939 71.0000000000
4075 73.0000000000
4144 74.0000000000
4603 76.0000000000
4618 77.0000000000
4829 80.0000000000
4838 81.0000000000
5235 87.0000000000
5840 88.0000000000
5853 89.0000000000
6384 90.0000000000
6502 91.0000000000
6842 93.0000000000
6996 95.0000000000
7002 97.0000000000
7270 99.0000000000
7287 100.0000000000
100000 18.0000000000
evaluations raw_y
1 0.0000000000
10 2.0000000000
24 3.0000000000
144 8.0000000000
248 9.0000000000
288 10.0000000000
349 12.0000000000
403 13.0000000000
600 15.0000000000
711 16.0000000000
772 20.0000000000
954 23.0000000000
977 24.0000000000
1070 28.0000000000
1139 31.0000000000
1535 34.0000000000
1709 35.0000000000
1852 38.0000000000
1874 42.0000000000
1951 43.0000000000
2139 44.0000000000
2262 45.0000000000
2271 46.0000000000
3079 49.0000000000
3088 50.0000000000
3095 51.0000000000
3204 52.0000000000
3487 54.0000000000
3578 58.0000000000
4112 59.0000000000
4766 61.0000000000
5025 63.0000000000
5222 66.0000000000
5428 71.0000000000
5836 72.0000000000
5841 74.0000000000
6074 78.0000000000
6568 79.0000000000
6794 81.0000000000
6848 82.0000000000
6982 87.0000000000
7205 89.0000000000
8328 90.0000000000
8698 92.0000000000
8875 93.0000000000
8932 94.0000000000
9469 96.0000000000
9561 97.0000000000
10282 100.0000000000
100000 100.0000000000
evaluations raw_y
1 0.0000000000
2 3.0000000000
11 6.0000000000
179 7.0000000000
182 8.0000000000
452 10.0000000000
560 11.0000000000
777 14.0000000000
840 22.0000000000
924 25.0000000000
1085 28.0000000000
1269 29.0000000000
1273 33.0000000000
1279 36.0000000000
1340 37.0000000000
1486 38.0000000000
1495 39.0000000000
1524 43.0000000000
1935 44.0000000000
2157 48.0000000000
2163 49.0000000000
2313 52.0000000000
2845 53.0000000000
2850 54.0000000000
3091 55.0000000000
3211 56.0000000000
4127 57.0000000000
4179 61.0000000000
4582 62.0000000000
5130 63.0000000000
5343 66.0000000000
5419 67.0000000000
5600 68.0000000000
5624 69.0000000000
5954 72.0000000000
6348 73.0000000000
6388 74.0000000000
6627 75.0000000000
6834 76.0000000000
7032 80.0000000000
7214 81.0000000000
7364 83.0000000000
8321 86.0000000000
8422 89.0000000000
8610 91.0000000000
9235 93.0000000000
9572 96.0000000000
9584 99.0000000000
10209 100.0000000000
100000 82.0000000000
evaluations raw_y
1 0.0000000000
2 1.0000000000
4 4.0000000000
7 5.0000000000
21 9.0000000000
128 10.0000000000
215 11.0000000000
424 14.0000000000
473 16.0000000000
536 17.0000000000
541 18.0000000000
583 20.0000000000
782 21.0000000000
847 22.0000000000
864 24.0000000000
892 25.0000000000
1007 28.0000000000
1013 29.0000000000
1131 30.0000000000
1310 31.0000000000
1343 32.0000000000
1463 34.0000000000
1493 37.0000000000
1720 38.0000000000
2257 39.0000000000
2510 40.0000000000
2838 42.0000000000
2853 47.0000000000
2944 48.0000000000
2968 50.0000000000
3931 52.0000000000
4054 53.0000000000
4245 54.0000000000
4282 56.0000000000
4708 58.0000000000
4929 59.0000000000
5091 61.0000000000
5283 62.0000000000
5804 63.0000000000
6569 65.0000000000
6841 68.0000000000
6865 70.0000000000
6867 71.0000000000
6978 72.0000000000
7298 74.0000000000
7417 75.0000000000
8426 78.0000000000
8558 79.0000000000
8832 80.0000000000
8898 85.0000000000
8947 86.0000000000
9208 88.0000000000
9433 89.0000000000
9517 93.0000000000
9579 96.0000000000
9909 97.0000000000
9921 99.0000000000
9986 100.0000000000
100000 50.0000000000
evaluations raw_y
1 1.0000000000
4 2.0000000000
13 3.0000000000
18 4.0000000000
571 5.0000000000
742 8.0000000000
845 9.0000000000
896 10.0000000000
899 14.0000000000
1016 15.0000000000
1139 20.0000000000
1308 21.0000000000
1363 22.0000000000
1578 26.0000000000
1618 27.0000000000
1626 30.0000000000
1690 33.0000000000
1702 35.0000000000
1741 37.0000000000
1889 39.0000000000
1901 40.0000000000
1986 45.0000000000
1996 47.0000000000
2136 52.0000000000
2405 55.0000000000
2496 56.0000000000
2559 60.0000000000
3597 63.0000000000
3603 65.0000000000
3631 66.0000000000
3650 67.0000000000
3664 68.0000000000
4163 69.0000000000
4213 70.0000000000
4230 72.0000000000
4242 75.0000000000
4558 76.0000000000
4573 77.0000000000
5064 79.0000000000
6080 82.0000000000
6119 84.0000000000
6216 86.0000000000
6290 89.0000000000
7115 90.0000000000
7339 91.0000000000
7387 93.0000000000
7641 94.0000000000
7925 96.0000000000
8056 100.0000000000
100000 15.0000000000
evaluations raw_y
1 0.0000000000
2 1.0000000000
3 3.0000000000
12 4.0000000000
250 5.0000000000
284 7.0000000000
373 10.0000000000
452 11.0000000000
536 14.0000000000
658 15.0000000000
777 18.0000000000
894 19.0000000000
1199 21.0000000000
1232 22.0000000000
1303 23.0000000000
1401 28.0000000000
1616 32.0000000000
1923 35.0000000000
1942 39.0000000000
1947 41.0000000000
1968 42.0000000000
2048 44.0000000000
2234 49.0000000000
2392 50.0000000000
2458 54.0000000000
2462 57.0000000000
3115 58.0000000000
3137 59.0000000000
3347 60.0000000000
3431 61.0000000000
3480 62.0000000000
3552 77.0000000000
3562 78.0000000000
3603 81.0000000000
3772 84.0000000000
3919 88.0000000000
4544 89.0000000000
4912 90.0000000000
5010 94.0000000000
5467 95.0000000000
5902 96.0000000000
5936 98.0000000000
6453 100.0000000000
100000 18.0000000000
evaluations raw_y
1 0.0000000000
10 1.0000000000
12 2.0000000000
45 3.0000000000
53 6.0000000000
486 7.0000000000
505 10.0000000000
542 11.0000000000
552 12.0000000000
967 14.0000000000
989 15.0000000000
997 16.0000000000
1113 17.0000000000
1184 18.0000000000
1215 19.0000000000
1251 21.0000000000
1260 22.0000000000
1526 26.0000000000
1534 28.0000000000
1544 29.0000000000
1716 31.0000000000
1755 33.0000000000
1763 34.0000000000
1959 36.0000000000
2023 37.0000000000
2247 38.0000000000
2314 40.0000000000
2336 41.0000000000
2606 42.0000000000
2769 43.0000000000
2790 44.0000000000
2952 45.0000000000
2967 46.0000000000
3095 47.0000000000
3339 48.0000000000
3539 50.0000000000
3835 51.0000000000
3882 53.0000000000
3929 55.0000000000
4163 56.0000000000
4214 58.0000000000
4353 62.0000000000
4515 63.0000000000
4530 65.0000000000
5213 66.0000000000
5431 67.0000000000
5444 68.0000000000
5713 71.0000000000
5951 72.0000000000
6216 79.0000000000
6446 80.0000000000
7041 83.0000000000
7615 85.0000000000
8203 87.0000000000
8360 88.0000000000
8697 89.0000000000
8749 94.0000000000
8786 97.0000000000
9343 98.0000000000
9695 100.0000000000
100000 21.0000000000
evaluations raw_y
1 0.0000000000
4 2.0000000000
11 5.0000000000
20 6.0000000000
30 12.0000000000
56 13.0000000000
248 15.0000000000
410 16.0000000000
649 17.0000000000
662 18.0000000000
850 19.0000000000
873 21.0000000000
1234 22.0000000000
1439 24.0000000000
1627 26.0000000000
2051 27.0000000000
2065 28.0000000000
2111 29.0000000000
2400 30.0000000000
2501 31.0000000000
2508 32.0000000000
2580 33.0000000000
2774 37.0000000000
2783 39.0000000000
2795 42.0000000000
2862 43.0000000000
3069 44.0000000000
3102 45.0000000000
3137 50.0000000000
3138 51.0000000000
3148 55.0000000000
3242 57.0000000000
3274 58.0000000000
3637 59.0000000000
3911 60.0000000000
4016 62.0000000000
4422 65.0000000000
5088 66.0000000000
5438 67.0000000000
5777 69.0000000000
5917 72.0000000000
5923 73.0000000000
6523 74.0000000000
6706 76.0000000000
6903 80.0000000000
7355 86.0000000000
7401 88.0000000000
8350 91.0000000000
8419 92.0000000000
8778 93.0000000000
8916 94.0000000000
8983 96.0000000000
9393 97.0000000000
9508 99.0000000000
9586 100.0000000000
100000 28.0000000000
evaluations raw_y
1 1.0000000000
3 2.0000000000
6 5.0000000000
42 10.0000000000
138 15.0000000000
287 17.0000000000
450 19.0000000000
548 23.0000000000
769 24.0000000000
794 26.0000000000
1086 28.0000000000
1212 30.0000000000
1222 31.0000000000
1244 32.0000000000
1366 35.0000000000
1462 36.0000000000
1864 38.0000000000
1983 39.0000000000
2145 41.0000000000
2251 44.0000000000
2256 50.0000000000
2689 52.0000000000
2791 55.0000000000
3008 56.0000000000
3016 58.0000000000
3280 59.0000000000
3365 61.0000000000
3429 64.0000000000
3712 66.0000000000
3924 67.0000000000
4919 69.0000000000
5230 72.0000000000
5260 76.0000000000
5415 77.0000000000
5466 78.0000000000
5542 80.0000000000
6182 81.0000000000
6425 82.0000000000
6428 83.0000000000
6508 84.0000000000
6667 86.0000000000
6801 89.0000000000
6817 90.0000000000
7046 94.0000000000
7275 95.0000000000
7294 97.0000000000
9122 100.0000000000
100000 29.0000000000
