evaluations raw_y
1 -0.5061582385
3 -0.4903220469
9 -0.4721998617
36 -0.4560555656
39 -0.4558435268
82 -0.4469881434
91 -0.4338665777
151 -0.3984093269
180 -0.3944843777
332 -0.3893841610
340 -0.3887573456
367 -0.3841650886
369 -0.3839767031
382 -0.3827624894
392 -0.3818996893
400 -0.3800760256
414 -0.3769096949
419 -0.3759863573
427 -0.3749570145
480 -0.3710727149
492 -0.3648246880
530 -0.3635004843
532 -0.3634927167
541 -0.3630529874
545 -0.3600053225
572 -0.3594986949
582 -0.3516734899
616 -0.3469615862
684 -0.3454998311
687 -0.3444479979
694 -0.3435212970
726 -0.3414345662
728 -0.3412618375
756 -0.3401499133
793 -0.3399430038
807 -0.3337388450
838 -0.3316862950
889 -0.3314793855
1040 -0.3307383681
1046 -0.3291152981
1096 -0.3288252555
1103 -0.3286336434
1115 -0.3263780766
1148 -0.3251465393
1195 -0.3244055219
1252 -0.3235820301
1313 -0.3232402010
1355 -0.3187681006
1367 -0.3181431249
1377 -0.3143610066
1549 -0.3130368029
1610 -0.3128985120
1628 -0.3125566829
1861 -0.3079472679
1922 -0.3071189563
2138 -0.3047586262
2178 -0.3016981253
2241 -0.2993377952
3542 -0.2987089054
18111 -0.2952311771
21862 -0.2946461966
21915 -0.2939051792
37671 -0.2920664943
100000 -0.2942716087
evaluations raw_y
1 -0.4914598050
10 -0.4914088504
21 -0.4873763923
22 -0.4638092116
24 -0.4587981674
38 -0.4489598289
82 -0.4388475178
137 -0.4381126590
141 -0.4365692221
147 -0.4316535076
164 -0.4249677628
166 -0.4240918856
204 -0.4109662372
225 -0.4075905223
250 -0.3933398984
280 -0.3927906599
340 -0.3881522735
353 -0.3809006089
370 -0.3760048264
382 -0.3734636924
437 -0.3716863389
447 -0.3653194225
457 -0.3624975252
475 -0.3577274747
521 -0.3489138314
594 -0.3478348568
604 -0.3426556359
619 -0.3425819314
648 -0.3386656605
676 -0.3364687677
729 -0.3363661317
782 -0.3341610173
807 -0.3320979844
814 -0.3308121639
830 -0.3287491310
848 -0.3249111390
907 -0.3226033886
941 -0.3185381237
1060 -0.3175291118
1073 -0.3162988217
1119 -0.3140516205
1164 -0.3112997919
1217 -0.3112895485
1272 -0.3100592583
1318 -0.3094455859
1333 -0.3083483628
1382 -0.3059234187
1517 -0.3036008627
1550 -0.3032692887
1684 -0.3027097693
1744 -0.3026527065
2058 -0.3019116891
2510 -0.3009106487
13219 -0.2973141618
13443 -0.2928002742
100000 -0.2994905886
evaluations raw_y
1 -0.5232554442
3 -0.5227731901
6 -0.5051211613
7 -0.5009959265
10 -0.4947606563
11 -0.4908301514
21 -0.4393542503
46 -0.4383798678
127 -0.4279695508
149 -0.4257329805
224 -0.4190570650
230 -0.4180943480
237 -0.4094548958
252 -0.4065596318
280 -0.4057945037
314 -0.3982137226
318 -0.3969584602
324 -0.3931900215
358 -0.3903376584
398 -0.3883050129
400 -0.3873446113
428 -0.3857288385
446 -0.3770678406
493 -0.3765078909
527 -0.3751466959
590 -0.3697382118
618 -0.3696243848
631 -0.3646371947
634 -0.3639477780
706 -0.3625383101
714 -0.3618847450
770 -0.3592733069
789 -0.3557958155
818 -0.3540244365
842 -0.3539498203
844 -0.3527408715
926 -0.3523262261
934 -0.3520873064
938 -0.3513703065
971 -0.3503159274
977 -0.3501778764
1022 -0.3495243113
1035 -0.3455539033
1063 -0.3444360893
1089 -0.3443133696
1095 -0.3434509502
1106 -0.3432436592
1113 -0.3431955557
1122 -0.3429120852
1129 -0.3428639817
1147 -0.3421975053
1217 -0.3410050752
1261 -0.3401257473
1276 -0.3394592709
1320 -0.3385609482
1337 -0.3378179969
1371 -0.3371515205
1414 -0.3368199464
1462 -0.3347911903
1500 -0.3344671520
1509 -0.3344596163
1534 -0.3341376252
1581 -0.3338060512
1647 -0.3327970394
1650 -0.3303413479
1704 -0.3300097739
1783 -0.3290007620
1906 -0.3285861167
2000 -0.3285777315
2052 -0.3282620784
2071 -0.3277620867
2087 -0.3273474413
2163 -0.3262611053
2260 -0.3227815508
2716 -0.3227244880
9616 -0.3191280011
9867 -0.3146141135
26507 -0.3116658563
29993 -0.3115480488
30133 -0.3069906941
30154 -0.3061888531
34765 -0.3046002516
35687 -0.3044738462
36043 -0.2991542104
38369 -0.2976389500
45154 -0.2958002651
100000 -0.2958002651
evaluations raw_y
1 -0.5150532297
3 -0.4925860679
9 -0.4838495475
16 -0.4749912576
58 -0.4642159601
59 -0.4423076501
79 -0.4364450893
95 -0.4200257771
158 -0.4198941782
160 -0.4124906384
179 -0.4077265424
187 -0.4006022631
211 -0.3830568770
259 -0.3801193064
338 -0.3745563027
358 -0.3664610216
363 -0.3634175488
410 -0.3507595202
481 -0.3500089679
486 -0.3432782764
527 -0.3429467023
558 -0.3428173757
565 -0.3414541362
577 -0.3405826150
581 -0.3365112139
611 -0.3333354325
660 -0.3295713395
748 -0.3295629544
775 -0.3289463721
884 -0.3220217214
980 -0.3216901474
1070 -0.3207672844
1078 -0.3204977172
1093 -0.3198191281
1098 -0.3184874735
1141 -0.3177464561
1165 -0.3171081520
1170 -0.3160355606
1236 -0.3159091551
1309 -0.3150345202
1311 -0.3149081148
1360 -0.3131635010
1386 -0.3130370955
1407 -0.3123460396
1467 -0.3104750203
1618 -0.3092825902
1643 -0.3051553845
1684 -0.3044593337
1722 -0.3039629544
1753 -0.3032669035
1811 -0.3026970196
1833 -0.3009874551
1876 -0.3004175712
3959 -0.2974693141
5406 -0.2947749700
21462 -0.2941460802
41908 -0.2928200823
100000 -0.2928200823
evaluations raw_y
1 -0.4512182351
69 -0.4472447402
105 -0.4418387462
109 -0.4338587773
154 -0.4277631656
176 -0.4208493130
209 -0.4040144196
244 -0.4033196297
302 -0.4025007425
309 -0.3977136956
359 -0.3972298847
377 -0.3956823242
382 -0.3896306897
391 -0.3749404879
403 -0.3730921035
504 -0.3730616896
511 -0.3693280105
515 -0.3689927505
566 -0.3678007379
596 -0.3650900715
638 -0.3638875807
653 -0.3625248575
671 -0.3617827878
674 -0.3615574289
685 -0.3614233435
705 -0.3576449839
717 -0.3566636801
744 -0.3562219287
761 -0.3559839248
773 -0.3553515000
797 -0.3528919861
819 -0.3507825948
849 -0.3474541734
874 -0.3383186977
924 -0.3382616349
953 -0.3377431696
998 -0.3344671314
1060 -0.3336240027
1063 -0.3334581195
1072 -0.3332176384
1147 -0.3322656894
1155 -0.3322170117
1158 -0.3322086266
1198 -0.3280921696
1239 -0.3280351068
1287 -0.3269866490
1315 -0.3218041173
1320 -0.3205738272
1361 -0.3175879896
1436 -0.3163576995
1479 -0.3115527035
1494 -0.3115424600
1505 -0.3103692327
1508 -0.3103121699
1571 -0.3092732551
1590 -0.3080327215
1768 -0.3055818668
1790 -0.3035188339
1873 -0.3029022516
2072 -0.3005989842
2076 -0.3005419214
2102 -0.2992704131
2643 -0.2977551528
6364 -0.2971262630
14196 -0.2965412825
14225 -0.2958002651
100000 -0.3239497627
evaluations raw_y
1 -0.4956046530
6 -0.4791117052
10 -0.4708303081
15 -0.4643515583
21 -0.4631242225
23 -0.4544280612
57 -0.4537555058
73 -0.4460003475
95 -0.4402340332
117 -0.4333216512
147 -0.4297046777
175 -0.4251962003
178 -0.4199837105
226 -0.4143402058
244 -0.4133645660
281 -0.4092265742
286 -0.3888026863
339 -0.3882750763
341 -0.3791013277
418 -0.3713122003
465 -0.3706401000
482 -0.3697401296
494 -0.3647835645
509 -0.3645174246
530 -0.3563562750
617 -0.3548910837
622 -0.3538984285
651 -0.3517380517
677 -0.3512442984
684 -0.3448946437
747 -0.3446346207
785 -0.3430702320
810 -0.3428749412
819 -0.3420691916
824 -0.3415486936
873 -0.3410090179
877 -0.3397051043
919 -0.3381835659
928 -0.3332625462
989 -0.3325189516
1013 -0.3317410078
1108 -0.3310449570
1122 -0.3278711073
1178 -0.3272545250
1293 -0.3260242349
1354 -0.3238191204
1461 -0.3228834770
1485 -0.3200976568
1532 -0.3188303959
1589 -0.3182266376
1685 -0.3177003940
1689 -0.3157669465
2122 -0.3151970625
2768 -0.3151886774
8262 -0.3134121571
8318 -0.3123116453
8351 -0.3113106049
13822 -0.3111927974
14158 -0.3058336016
16663 -0.3052047119
18604 -0.3016082249
19200 -0.2970943373
29495 -0.2957683394
31055 -0.2928200823
100000 -0.2928200823
evaluations raw_y
1 -0.5082508474
2 -0.4955833360
3 -0.4902972517
18 -0.4843243533
27 -0.4237507674
109 -0.4205537717
136 -0.3963443044
175 -0.3849305537
210 -0.3824763583
232 -0.3798553000
233 -0.3664014730
251 -0.3604026757
301 -0.3576369795
309 -0.3558884148
325 -0.3537696390
343 -0.3527656369
359 -0.3482759432
365 -0.3471562067
394 -0.3410828185
406 -0.3395390336
436 -0.3352615381
450 -0.3323808738
502 -0.3295967003
547 -0.3283515649
603 -0.3282706548
619 -0.3219333419
699 -0.3214070983
718 -0.3206660809
751 -0.3200735843
757 -0.3174194543
790 -0.3161521933
840 -0.3145908827
856 -0.3129394968
860 -0.3113406619
913 -0.3108605419
966 -0.3102069768
1026 -0.3039189245
1175 -0.3033800595
1179 -0.2982164404
1361 -0.2970240102
28916 -0.2963951205
65636 -0.2948798601
100000 -0.3005907294
evaluations raw_y
1 -0.5065002856
3 -0.5011526943
4 -0.4730530886
7 -0.4513983794
50 -0.4282816955
103 -0.4242786944
111 -0.4231446420
125 -0.4156220407
178 -0.4131363381
184 -0.4068182672
225 -0.3954279564
239 -0.3936077156
264 -0.3898469986
266 -0.3873813055
305 -0.3808518055
345 -0.3805747820
352 -0.3622066597
394 -0.3607960088
416 -0.3530876809
450 -0.3501016651
473 -0.3486976003
525 -0.3470257691
546 -0.3461626663
549 -0.3433136559
559 -0.3393888622
596 -0.3384357801
608 -0.3377884622
637 -0.3372516286
643 -0.3363799089
645 -0.3321050895
694 -0.3308536327
699 -0.3302815929
725 -0.3298913077
735 -0.3259552614
785 -0.3206356256
880 -0.3187646063
902 -0.3175792446
912 -0.3164042761
996 -0.3160727021
1004 -0.3158240941
1023 -0.3123337620
1045 -0.3115927447
1056 -0.3112611706
1107 -0.3106076056
1132 -0.3102835673
1222 -0.3097136834
1244 -0.3094988566
1265 -0.3090911372
1287 -0.3085212532
1310 -0.3061911615
1351 -0.3058671232
1498 -0.3051048254
1634 -0.3050964403
1705 -0.3046901801
1763 -0.3046817949
2110 -0.3039857441
5268 -0.3033568543
25285 -0.3020308564
70061 -0.3019130489
70401 -0.3017655213
70424 -0.2965538531
100000 -0.2984248724
evaluations raw_y
1 -0.5179789818
2 -0.4690054509
14 -0.4431505383
59 -0.4251616756
127 -0.4246089759
166 -0.4045387249
172 -0.3993939223
238 -0.3909886048
257 -0.3719688370
329 -0.3708910686
353 -0.3707149754
360 -0.3662724913
363 -0.3650563449
375 -0.3645176671
378 -0.3641036681
379 -0.3584861025
422 -0.3584512982
435 -0.3570302095
441 -0.3565280340
474 -0.3526671607
526 -0.3520014578
537 -0.3512745265
550 -0.3485392064
566 -0.3484027442
569 -0.3478342373
604 -0.3434733231
617 -0.3426793825
662 -0.3425549474
705 -0.3419383652
735 -0.3408460717
741 -0.3363017392
759 -0.3357258914
772 -0.3351093091
854 -0.3343682917
935 -0.3338385490
951 -0.3331375162
967 -0.3326573962
972 -0.3321276535
1008 -0.3287937884
1069 -0.3273071855
1086 -0.3265143400
1096 -0.3232484591
1142 -0.3209690107
1318 -0.3196220700
1519 -0.3190521860
1562 -0.3186210296
1579 -0.3177990824
1652 -0.3174750442
1680 -0.3173679260
1682 -0.3167980421
1772 -0.3164740038
1789 -0.3162670943
1882 -0.3162587091
1951 -0.3152496973
2027 -0.3140194071
2105 -0.3123130578
2125 -0.3117068458
2151 -0.3101950389
2185 -0.3090881037
2213 -0.3089647487
2244 -0.3066653834
2295 -0.3066569983
2411 -0.3065196679
2429 -0.3059030856
2476 -0.3058947005
13702 -0.3040560156
56644 -0.3034271258
56877 -0.3026710119
56896 -0.3021011279
96525 -0.3005125265
96740 -0.3003861210
96789 -0.2950664852
100000 -0.2950664852
evaluations raw_y
1 -0.5076541320
11 -0.4969625227
12 -0.4855248468
19 -0.4757461502
23 -0.4583858161
68 -0.4430825811
96 -0.4424259381
97 -0.4403181331
108 -0.4364455725
129 -0.4298212975
139 -0.4221512109
165 -0.4197518856
190 -0.4188670879
198 -0.4009000459
224 -0.3895870198
270 -0.3867914129
367 -0.3826789183
377 -0.3822127007
378 -0.3779609589
381 -0.3733930751
395 -0.3723452007
454 -0.3670232871
473 -0.3632525950
545 -0.3629409200
555 -0.3582984339
590 -0.3500888000
604 -0.3490578668
664 -0.3483942368
685 -0.3451466429
696 -0.3444332151
738 -0.3427443494
813 -0.3426872865
818 -0.3414770884
982 -0.3414498971
989 -0.3413199335
1001 -0.3357746042
1078 -0.3357175414
1097 -0.3331770355
1129 -0.3316095508
1173 -0.3308737681
1205 -0.3308167053
1356 -0.3298156650
1474 -0.3295641262
1537 -0.3295039900
1563 -0.3292524512
1565 -0.3283338360
1568 -0.3282736998
1597 -0.3280221611
1610 -0.3271962396
1619 -0.3269447008
1652 -0.3265358333
1682 -0.3262842946
1685 -0.3259659494
1709 -0.3257144106
1789 -0.3249209705
1800 -0.3219191088
1808 -0.3213492249
1851 -0.3206536287
1857 -0.3200525359
1902 -0.3195972338
1911 -0.3162884430
2030 -0.3161620375
2131 -0.3146880430
2174 -0.3143343284
2233 -0.3142079229
2296 -0.3140344779
2306 -0.3135543579
2316 -0.3123285763
2356 -0.3093684071
2374 -0.3089453499
2375 -0.3082347221
2753 -0.3082263369
3195 -0.3058140015
3395 -0.3001159624
9724 -0.2982772775
100000 -0.3030506650
