evaluations raw_y
1 2735.0000000000
4 2856.0000000000
7 2929.0000000000
12 2978.0000000000
26 2996.0000000000
35 3059.0000000000
36 3130.0000000000
49 3149.0000000000
54 3172.0000000000
57 3197.0000000000
59 3281.0000000000
62 3316.0000000000
67 3367.0000000000
78 3436.0000000000
91 3524.0000000000
98 3557.0000000000
103 3599.0000000000
119 3643.0000000000
123 3657.0000000000
125 3688.0000000000
128 3789.0000000000
134 3840.0000000000
145 3883.0000000000
152 3962.0000000000
159 4019.0000000000
165 4126.0000000000
170 4155.0000000000
173 4191.0000000000
185 4204.0000000000
189 4300.0000000000
219 4356.0000000000
240 4364.0000000000
241 4379.0000000000
244 4426.0000000000
251 4438.0000000000
259 4457.0000000000
272 4481.0000000000
280 4491.0000000000
286 4540.0000000000
294 4557.0000000000
306 4564.0000000000
308 4574.0000000000
314 4591.0000000000
318 4619.0000000000
359 4625.0000000000
369 4692.0000000000
373 4716.0000000000
402 4751.0000000000
413 4783.0000000000
421 4804.0000000000
426 4820.0000000000
493 4828.0000000000
495 4847.0000000000
514 4853.0000000000
536 4888.0000000000
549 4906.0000000000
571 4929.0000000000
579 4932.0000000000
587 4936.0000000000
641 4977.0000000000
651 4991.0000000000
733 4992.0000000000
744 4994.0000000000
753 5022.0000000000
933 5042.0000000000
935 5043.0000000000
1004 5050.0000000000
100000 5050.0000000000
evaluations raw_y
1 3130.0000000000
10 3351.0000000000
17 3381.0000000000
23 3445.0000000000
39 3627.0000000000
49 3707.0000000000
58 3716.0000000000
64 3807.0000000000
70 3884.0000000000
79 3893.0000000000
89 3940.0000000000
91 4017.0000000000
98 4019.0000000000
101 4078.0000000000
104 4082.0000000000
110 4176.0000000000
120 4180.0000000000
138 4235.0000000000
150 4236.0000000000
161 4238.0000000000
163 4262.0000000000
165 4315.0000000000
175 4343.0000000000
176 4367.0000000000
178 4377.0000000000
192 4382.0000000000
193 4470.0000000000
194 4474.0000000000
200 4519.0000000000
211 4539.0000000000
228 4552.0000000000
231 4556.0000000000
234 4569.0000000000
237 4576.0000000000
246 4580.0000000000
247 4630.0000000000
257 4659.0000000000
258 4662.0000000000
261 4675.0000000000
288 4681.0000000000
353 4707.0000000000
388 4749.0000000000
392 4758.0000000000
417 4800.0000000000
428 4825.0000000000
464 4830.0000000000
485 4860.0000000000
495 4872.0000000000
497 4878.0000000000
554 4883.0000000000
557 4890.0000000000
561 4893.0000000000
576 4930.0000000000
587 4942.0000000000
637 4963.0000000000
650 4965.0000000000
661 4978.0000000000
666 4986.0000000000
677 5001.0000000000
679 5018.0000000000
683 5041.0000000000
751 5049.0000000000
1667 5050.0000000000
100000 5050.0000000000
evaluations raw_y
1 2818.0000000000
7 2911.0000000000
9 3021.0000000000
18 3066.0000000000
28 3167.0000000000
37 3204.0000000000
39 3271.0000000000
44 3324.0000000000
45 3327.0000000000
46 3347.0000000000
47 3382.0000000000
49 3453.0000000000
53 3541.0000000000
54 3572.0000000000
62 3603.0000000000
67 3605.0000000000
68 3613.0000000000
70 3629.0000000000
72 3676.0000000000
81 3705.0000000000
84 3734.0000000000
96 3744.0000000000
99 3813.0000000000
101 3838.0000000000
110 3936.0000000000
120 3958.0000000000
123 4028.0000000000
127 4036.0000000000
134 4110.0000000000
140 4197.0000000000
154 4263.0000000000
171 4296.0000000000
191 4326.0000000000
196 4332.0000000000
201 4381.0000000000
202 4403.0000000000
213 4410.0000000000
220 4473.0000000000
237 4504.0000000000
251 4532.0000000000
274 4573.0000000000
299 4599.0000000000
300 4604.0000000000
323 4605.0000000000
326 4617.0000000000
344 4628.0000000000
353 4634.0000000000
362 4664.0000000000
364 4728.0000000000
376 4730.0000000000
412 4734.0000000000
440 4738.0000000000
447 4801.0000000000
454 4813.0000000000
472 4900.0000000000
536 4922.0000000000
560 4927.0000000000
610 4953.0000000000
688 4985.0000000000
737 4999.0000000000
844 5049.0000000000
1852 5050.0000000000
100000 5050.0000000000
evaluations raw_y
1 2694.0000000000
2 2786.0000000000
7 2873.0000000000
12 2922.0000000000
16 2967.0000000000
21 3097.0000000000
25 3126.0000000000
37 3170.0000000000
40 3185.0000000000
47 3209.0000000000
51 3228.0000000000
54 3360.0000000000
57 3390.0000000000
74 3400.0000000000
76 3413.0000000000
77 3442.0000000000
79 3452.0000000000
83 3466.0000000000
85 3529.0000000000
91 3577.0000000000
97 3689.0000000000
104 3701.0000000000
117 3757.0000000000
125 3816.0000000000
132 3818.0000000000
134 3843.0000000000
142 3886.0000000000
147 3977.0000000000
160 4054.0000000000
168 4069.0000000000
171 4075.0000000000
181 4084.0000000000
185 4093.0000000000
192 4103.0000000000
197 4114.0000000000
198 4149.0000000000
204 4220.0000000000
216 4230.0000000000
231 4297.0000000000
236 4328.0000000000
243 4345.0000000000
259 4356.0000000000
262 4371.0000000000
271 4464.0000000000
280 4478.0000000000
287 4540.0000000000
318 4558.0000000000
373 4571.0000000000
374 4602.0000000000
424 4652.0000000000
430 4726.0000000000
477 4808.0000000000
494 4809.0000000000
556 4833.0000000000
615 4862.0000000000
654 4882.0000000000
689 4914.0000000000
716 5000.0000000000
721 5003.0000000000
814 5005.0000000000
847 5033.0000000000
930 5045.0000000000
1180 5050.0000000000
100000 5011.0000000000
evaluations raw_y
1 2401.0000000000
2 2697.0000000000
3 2795.0000000000
7 2914.0000000000
11 2926.0000000000
17 3381.0000000000
35 3401.0000000000
37 3503.0000000000
38 3505.0000000000
45 3603.0000000000
54 3606.0000000000
59 3634.0000000000
64 3675.0000000000
76 3677.0000000000
84 3711.0000000000
86 3758.0000000000
90 3787.0000000000
105 3790.0000000000
110 3848.0000000000
117 3921.0000000000
156 3960.0000000000
162 3971.0000000000
163 4042.0000000000
190 4062.0000000000
192 4114.0000000000
214 4150.0000000000
215 4153.0000000000
220 4168.0000000000
226 4284.0000000000
231 4286.0000000000
238 4332.0000000000
239 4382.0000000000
262 4411.0000000000
274 4443.0000000000
277 4462.0000000000
278 4464.0000000000
283 4512.0000000000
284 4535.0000000000
300 4566.0000000000
348 4600.0000000000
354 4609.0000000000
374 4629.0000000000
376 4666.0000000000
391 4686.0000000000
397 4757.0000000000
408 4802.0000000000
434 4833.0000000000
440 4876.0000000000
446 4901.0000000000
632 4939.0000000000
648 4941.0000000000
654 4974.0000000000
656 4980.0000000000
665 4992.0000000000
714 4998.0000000000
719 5015.0000000000
825 5018.0000000000
860 5028.0000000000
954 5050.0000000000
100000 4992.0000000000
evaluations raw_y
1 2350.0000000000
3 2594.0000000000
7 2883.0000000000
14 3081.0000000000
20 3204.0000000000
21 3251.0000000000
29 3593.0000000000
59 3641.0000000000
66 3651.0000000000
78 3668.0000000000
81 3687.0000000000
86 3694.0000000000
87 3708.0000000000
93 3747.0000000000
97 3783.0000000000
102 3854.0000000000
112 3936.0000000000
133 4060.0000000000
138 4068.0000000000
165 4141.0000000000
170 4153.0000000000
172 4166.0000000000
183 4184.0000000000
184 4212.0000000000
186 4229.0000000000
192 4254.0000000000
204 4276.0000000000
208 4375.0000000000
218 4396.0000000000
248 4494.0000000000
267 4503.0000000000
269 4518.0000000000
272 4535.0000000000
284 4544.0000000000
285 4557.0000000000
286 4589.0000000000
301 4624.0000000000
313 4626.0000000000
364 4641.0000000000
375 4653.0000000000
376 4713.0000000000
383 4725.0000000000
446 4787.0000000000
448 4815.0000000000
521 4827.0000000000
524 4870.0000000000
561 4893.0000000000
562 4908.0000000000
618 4917.0000000000
624 4979.0000000000
635 5027.0000000000
720 5036.0000000000
1177 5050.0000000000
100000 4915.0000000000
evaluations raw_y
1 3023.0000000000
9 3058.0000000000
15 3069.0000000000
18 3180.0000000000
20 3321.0000000000
24 3442.0000000000
28 3462.0000000000
30 3489.0000000000
38 3552.0000000000
46 3574.0000000000
48 3580.0000000000
51 3632.0000000000
71 3691.0000000000
72 3732.0000000000
74 3773.0000000000
76 3829.0000000000
115 3855.0000000000
118 3860.0000000000
121 3878.0000000000
124 3883.0000000000
130 3934.0000000000
137 3960.0000000000
142 4008.0000000000
149 4010.0000000000
156 4049.0000000000
160 4082.0000000000
164 4138.0000000000
169 4167.0000000000
213 4231.0000000000
216 4326.0000000000
255 4329.0000000000
257 4331.0000000000
260 4358.0000000000
262 4361.0000000000
285 4427.0000000000
289 4527.0000000000
319 4530.0000000000
321 4592.0000000000
338 4605.0000000000
361 4617.0000000000
363 4643.0000000000
369 4682.0000000000
387 4739.0000000000
394 4745.0000000000
395 4767.0000000000
405 4790.0000000000
411 4817.0000000000
470 4842.0000000000
473 4857.0000000000
477 4879.0000000000
479 4904.0000000000
497 4908.0000000000
513 4968.0000000000
568 4971.0000000000
589 4997.0000000000
592 5038.0000000000
599 5041.0000000000
647 5042.0000000000
934 5050.0000000000
100000 4996.0000000000
evaluations raw_y
1 3149.0000000000
9 3460.0000000000
20 3621.0000000000
29 3641.0000000000
32 3687.0000000000
41 3705.0000000000
44 3774.0000000000
45 3820.0000000000
49 3824.0000000000
57 3879.0000000000
62 3965.0000000000
70 3979.0000000000
83 4014.0000000000
94 4026.0000000000
95 4056.0000000000
102 4089.0000000000
107 4121.0000000000
120 4148.0000000000
129 4263.0000000000
136 4292.0000000000
150 4326.0000000000
174 4397.0000000000
195 4488.0000000000
211 4506.0000000000
217 4602.0000000000
227 4650.0000000000
233 4700.0000000000
245 4723.0000000000
260 4732.0000000000
286 4753.0000000000
300 4830.0000000000
302 4898.0000000000
352 4902.0000000000
395 4905.0000000000
522 4974.0000000000
572 4994.0000000000
663 5001.0000000000
729 5034.0000000000
738 5044.0000000000
827 5050.0000000000
100000 5050.0000000000
evaluations raw_y
1 2821.0000000000
3 2837.0000000000
8 3190.0000000000
25 3529.0000000000
45 3556.0000000000
46 3575.0000000000
57 3612.0000000000
68 3740.0000000000
81 3798.0000000000
83 3839.0000000000
91 3846.0000000000
93 3863.0000000000
110 3996.0000000000
127 4059.0000000000
135 4062.0000000000
141 4118.0000000000
146 4137.0000000000
155 4193.0000000000
163 4234.0000000000
170 4240.0000000000
179 4316.0000000000
196 4393.0000000000
202 4447.0000000000
216 4475.0000000000
219 4479.0000000000
227 4483.0000000000
231 4514.0000000000
233 4526.0000000000
240 4565.0000000000
249 4587.0000000000
256 4625.0000000000
259 4649.0000000000
264 4663.0000000000
301 4747.0000000000
312 4763.0000000000
332 4784.0000000000
366 4828.0000000000
387 4854.0000000000
395 4855.0000000000
399 4881.0000000000
469 4905.0000000000
479 4907.0000000000
505 4913.0000000000
542 4928.0000000000
594 4937.0000000000
606 4938.0000000000
630 5004.0000000000
787 5024.0000000000
919 5043.0000000000
1464 5047.0000000000
1478 5050.0000000000
100000 4962.0000000000
evaluations raw_y
1 2273.0000000000
2 2768.0000000000
7 2835.0000000000
9 3125.0000000000
13 3177.0000000000
14 3199.0000000000
15 3212.0000000000
18 3361.0000000000
33 3479.0000000000
39 3495.0000000000
49 3501.0000000000
56 3574.0000000000
59 3714.0000000000
73 3802.0000000000
91 3852.0000000000
109 3902.0000000000
116 3940.0000000000
121 3942.0000000000
127 3948.0000000000
135 3980.0000000000
137 3997.0000000000
139 4026.0000000000
158 4040.0000000000
164 4045.0000000000
179 4069.0000000000
182 4111.0000000000
199 4176.0000000000
208 4180.0000000000
213 4181.0000000000
219 4213.0000000000
228 4239.0000000000
236 4296.0000000000
245 4312.0000000000
274 4335.0000000000
278 4415.0000000000
299 4497.0000000000
347 4512.0000000000
350 4513.0000000000
370 4549.0000000000
372 4592.0000000000
399 4598.0000000000
401 4616.0000000000
406 4622.0000000000
421 4703.0000000000
423 4720.0000000000
432 4744.0000000000
433 4780.0000000000
456 4823.0000000000
480 4890.0000000000
507 4897.0000000000
515 4927.0000000000
529 4944.0000000000
573 4954.0000000000
578 4961.0000000000
617 4987.0000000000
703 4996.0000000000
757 5016.0000000000
869 5019.0000000000
883 5050.0000000000
100000 5050.0000000000
