# instance algo pop gens best_cost
eil51 1 20 2000 1308
eil51 1 20 5000 1308
eil51 1 20 10000 1308
eil51 1 20 20000 1308
eil51 1 50 2000 1308
eil51 1 50 5000 1308
eil51 1 50 10000 1308
eil51 1 50 20000 1308
eil51 1 100 2000 1308
eil51 1 100 5000 1308
eil51 1 100 10000 1308
eil51 1 100 20000 1308
eil51 1 200 2000 1308
eil51 1 200 5000 1308
eil51 1 200 10000 1308
eil51 1 200 20000 1308
eil51 2 20 2000 1308
eil51 2 20 5000 1308
eil51 2 20 10000 1308
eil51 2 20 20000 1308
eil51 2 50 2000 1308
eil51 2 50 5000 1308
eil51 2 50 10000 1308
eil51 2 50 20000 1308
eil51 2 100 2000 1308
eil51 2 100 5000 1308
eil51 2 100 10000 1308
eil51 2 100 20000 1308
eil51 2 200 2000 1308
eil51 2 200 5000 1308
eil51 2 200 10000 1308
eil51 2 200 20000 1308
eil51 3 20 2000 1308
eil51 3 20 5000 1308
eil51 3 20 10000 1308
eil51 3 20 20000 1308
eil51 3 50 2000 1308
eil51 3 50 5000 1308
eil51 3 50 10000 1308
eil51 3 50 20000 1308
eil51 3 100 2000 1308
eil51 3 100 5000 1308
eil51 3 100 10000 1308
eil51 3 100 20000 1308
eil51 3 200 2000 1308
eil51 3 200 5000 1308
eil51 3 200 10000 1308
eil51 3 200 20000 1308
eil76 1 20 2000 1969
eil76 1 20 5000 1969
eil76 1 20 10000 1969
eil76 1 20 20000 1969
eil76 1 50 2000 1969
eil76 1 50 5000 1969
eil76 1 50 10000 1969
eil76 1 50 20000 1969
eil76 1 100 2000 1969
eil76 1 100 5000 1969
eil76 1 100 10000 1969
eil76 1 100 20000 1969
eil76 1 200 2000 1969
eil76 1 200 5000 1969
eil76 1 200 10000 1969
eil76 1 200 20000 1969
eil76 2 20 2000 1969
eil76 2 20 5000 1969
eil76 2 20 10000 1969
eil76 2 20 20000 1969
eil76 2 50 2000 1969
eil76 2 50 5000 1969
eil76 2 50 10000 1969
eil76 2 50 20000 1969
eil76 2 100 2000 1969
eil76 2 100 5000 1969
eil76 2 100 10000 1969
eil76 2 100 20000 1969
eil76 2 200 2000 1969
eil76 2 200 5000 1969
eil76 2 200 10000 1969
eil76 2 200 20000 1969
eil76 3 20 2000 1969
eil76 3 20 5000 1969
eil76 3 20 10000 1969
eil76 3 20 20000 1969
eil76 3 50 2000 1969
eil76 3 50 5000 1969
eil76 3 50 10000 1969
eil76 3 50 20000 1969
eil76 3 100 2000 1969
eil76 3 100 5000 1969
eil76 3 100 10000 1969
eil76 3 100 20000 1969
eil76 3 200 2000 1969
eil76 3 200 5000 1969
eil76 3 200 10000 1969
eil76 3 200 20000 1969
eil101 1 20 2000 2062
eil101 1 20 5000 2062
eil101 1 20 10000 2062
eil101 1 20 20000 2062
eil101 1 50 2000 2062
eil101 1 50 5000 2062
eil101 1 50 10000 2062
eil101 1 50 20000 2062
eil101 1 100 2000 2062
eil101 1 100 5000 2062
eil101 1 100 10000 2062
eil101 1 100 20000 2062
eil101 1 200 2000 2062
eil101 1 200 5000 2062
eil101 1 200 10000 2062
eil101 1 200 20000 2062
eil101 2 20 2000 2062
eil101 2 20 5000 2062
eil101 2 20 10000 2062
eil101 2 20 20000 2062
eil101 2 50 2000 2062
eil101 2 50 5000 2062
eil101 2 50 10000 2062
eil101 2 50 20000 2062
eil101 2 100 2000 2062
eil101 2 100 5000 2062
eil101 2 100 10000 2062
eil101 2 100 20000 2062
eil101 2 200 2000 2062
eil101 2 200 5000 2062
eil101 2 200 10000 2062
eil101 2 200 20000 2062
eil101 3 20 2000 2062
eil101 3 20 5000 2062
eil101 3 20 10000 2062
eil101 3 20 20000 2062
eil101 3 50 2000 2062
eil101 3 50 5000 2062
eil101 3 50 10000 2062
eil101 3 50 20000 2062
eil101 3 100 2000 2062
eil101 3 100 5000 2062
eil101 3 100 10000 2062
eil101 3 100 20000 2062
eil101 3 200 2000 2062
eil101 3 200 5000 2062
eil101 3 200 10000 2062
eil101 3 200 20000 2062
st70 1 20 2000 3410
st70 1 20 5000 3410
st70 1 20 10000 3410
st70 1 20 20000 3410
st70 1 50 2000 3410
st70 1 50 5000 3410
st70 1 50 10000 3410
st70 1 50 20000 3410
st70 1 100 2000 3410
st70 1 100 5000 3410
st70 1 100 10000 3410
st70 1 100 20000 3410
st70 1 200 2000 3410
st70 1 200 5000 3410
st70 1 200 10000 3410
st70 1 200 20000 3410
st70 2 20 2000 3410
st70 2 20 5000 3410
st70 2 20 10000 3410
st70 2 20 20000 3410
st70 2 50 2000 3410
st70 2 50 5000 3410
st70 2 50 10000 3410
st70 2 50 20000 3410
st70 2 100 2000 3410
st70 2 100 5000 3410
st70 2 100 10000 3410
st70 2 100 20000 3410
st70 2 200 2000 3410
st70 2 200 5000 3410
st70 2 200 10000 3410
st70 2 200 20000 3410
st70 3 20 2000 3410
st70 3 20 5000 3410
st70 3 20 10000 3410
st70 3 20 20000 3410
st70 3 50 2000 3410
st70 3 50 5000 3410
st70 3 50 10000 3410
st70 3 50 20000 3410
st70 3 100 2000 3410
st70 3 100 5000 3410
st70 3 100 10000 3410
st70 3 100 20000 3410
st70 3 200 2000 3410
st70 3 200 5000 3410
st70 3 200 10000 3410
st70 3 200 20000 3410
kroA100 1 20 2000 191387
kroA100 1 20 5000 191387
kroA100 1 20 10000 191387
kroA100 1 20 20000 191387
kroA100 1 50 2000 191387
kroA100 1 50 5000 191387
kroA100 1 50 10000 191387
kroA100 1 50 20000 191387
kroA100 1 100 2000 191387
kroA100 1 100 5000 191387
kroA100 1 100 10000 191387
kroA100 1 100 20000 191387
kroA100 1 200 2000 191387
kroA100 1 200 5000 191387
kroA100 1 200 10000 191387
kroA100 1 200 20000 191387
kroA100 2 20 2000 191387
kroA100 2 20 5000 191387
kroA100 2 20 10000 191387
kroA100 2 20 20000 191387
kroA100 2 50 2000 191387
kroA100 2 50 5000 191387
kroA100 2 50 10000 191387
kroA100 2 50 20000 191387
kroA100 2 100 2000 191387
kroA100 2 100 5000 191387
kroA100 2 100 10000 191387
kroA100 2 100 20000 191387
kroA100 2 200 2000 191387
kroA100 2 200 5000 191387
kroA100 2 200 10000 191387
kroA100 2 200 20000 191387
kroA100 3 20 2000 191387
kroA100 3 20 5000 191387
kroA100 3 20 10000 191387
kroA100 3 20 20000 191387
kroA100 3 50 2000 191387
kroA100 3 50 5000 191387
kroA100 3 50 10000 191387
kroA100 3 50 20000 191387
kroA100 3 100 2000 191387
kroA100 3 100 5000 191387
kroA100 3 100 10000 191387
kroA100 3 100 20000 191387
kroA100 3 200 2000 191387
kroA100 3 200 5000 191387
kroA100 3 200 10000 191387
kroA100 3 200 20000 191387
kroC100 1 20 2000 183466
kroC100 1 20 5000 183466
kroC100 1 20 10000 183466
kroC100 1 20 20000 183466
kroC100 1 50 2000 183466
kroC100 1 50 5000 183466
kroC100 1 50 10000 183466
kroC100 1 50 20000 183466
kroC100 1 100 2000 183466
kroC100 1 100 5000 183466
kroC100 1 100 10000 183466
kroC100 1 100 20000 183466
kroC100 1 200 2000 183466
kroC100 1 200 5000 183466
kroC100 1 200 10000 183466
kroC100 1 200 20000 183466
kroC100 2 20 2000 183466
kroC100 2 20 5000 183466
kroC100 2 20 10000 183466
kroC100 2 20 20000 183466
kroC100 2 50 2000 183466
kroC100 2 50 5000 183466
kroC100 2 50 10000 183466
kroC100 2 50 20000 183466
kroC100 2 100 2000 183466
kroC100 2 100 5000 183466
kroC100 2 100 10000 183466
kroC100 2 100 20000 183466
kroC100 2 200 2000 183466
kroC100 2 200 5000 183466
kroC100 2 200 10000 183466
kroC100 2 200 20000 183466
kroC100 3 20 2000 183466
kroC100 3 20 5000 183466
kroC100 3 20 10000 183466
kroC100 3 20 20000 183466
kroC100 3 50 2000 183466
kroC100 3 50 5000 183466
kroC100 3 50 10000 183466
kroC100 3 50 20000 183466
kroC100 3 100 2000 183466
kroC100 3 100 5000 183466
kroC100 3 100 10000 183466
kroC100 3 100 20000 183466
kroC100 3 200 2000 183466
kroC100 3 200 5000 183466
kroC100 3 200 10000 183466
kroC100 3 200 20000 183466
kroD100 1 20 2000 170990
kroD100 1 20 5000 170990
kroD100 1 20 10000 170990
kroD100 1 20 20000 170990
kroD100 1 50 2000 170990
kroD100 1 50 5000 170990
kroD100 1 50 10000 170990
kroD100 1 50 20000 170990
kroD100 1 100 2000 170990
kroD100 1 100 5000 170990
kroD100 1 100 10000 170990
kroD100 1 100 20000 170990
kroD100 1 200 2000 170990
kroD100 1 200 5000 170990
kroD100 1 200 10000 170990
kroD100 1 200 20000 170990
kroD100 2 20 2000 170990
kroD100 2 20 5000 170990
kroD100 2 20 10000 170990
kroD100 2 20 20000 170990
kroD100 2 50 2000 170990
kroD100 2 50 5000 170990
kroD100 2 50 10000 170990
kroD100 2 50 20000 170990
kroD100 2 100 2000 170990
kroD100 2 100 5000 170990
kroD100 2 100 10000 170990
kroD100 2 100 20000 170990
kroD100 2 200 2000 170990
kroD100 2 200 5000 170990
kroD100 2 200 10000 170990
kroD100 2 200 20000 170990
kroD100 3 20 2000 170990
kroD100 3 20 5000 170990
kroD100 3 20 10000 170990
kroD100 3 20 20000 170990
kroD100 3 50 2000 170990
kroD100 3 50 5000 170990
kroD100 3 50 10000 170990
kroD100 3 50 20000 170990
kroD100 3 100 2000 170990
kroD100 3 100 5000 170990
kroD100 3 100 10000 170990
kroD100 3 100 20000 170990
kroD100 3 200 2000 170990
kroD100 3 200 5000 170990
kroD100 3 200 10000 170990
kroD100 3 200 20000 170990
lin105 1 20 2000 36480
lin105 1 20 5000 36480
lin105 1 20 10000 36480
lin105 1 20 20000 36480
lin105 1 50 2000 36480
lin105 1 50 5000 36480
lin105 1 50 10000 36480
lin105 1 50 20000 36480
lin105 1 100 2000 36480
lin105 1 100 5000 36480
lin105 1 100 10000 36480
lin105 1 100 20000 36480
lin105 1 200 2000 36480
lin105 1 200 5000 36480
lin105 1 200 10000 36480
lin105 1 200 20000 36480
lin105 2 20 2000 36480
lin105 2 20 5000 36480
lin105 2 20 10000 36480
lin105 2 20 20000 36480
lin105 2 50 2000 36480
lin105 2 50 5000 36480
lin105 2 50 10000 36480
lin105 2 50 20000 36480
lin105 2 100 2000 36480
lin105 2 100 5000 36480
lin105 2 100 10000 36480
lin105 2 100 20000 36480
lin105 2 200 2000 36480
lin105 2 200 5000 36480
lin105 2 200 10000 36480
lin105 2 200 20000 36480
lin105 3 20 2000 36480
lin105 3 20 5000 36480
lin105 3 20 10000 36480
lin105 3 20 20000 36480
lin105 3 50 2000 36480
lin105 3 50 5000 36480
lin105 3 50 10000 36480
lin105 3 50 20000 36480
lin105 3 100 2000 36480
lin105 3 100 5000 36480
lin105 3 100 10000 36480
lin105 3 100 20000 36480
lin105 3 200 2000 36480
lin105 3 200 5000 36480
lin105 3 200 10000 36480
lin105 3 200 20000 36480
pcb442 1 20 2000 221440
pcb442 1 20 5000 221440
pcb442 1 20 10000 221440
pcb442 1 20 20000 221440
pcb442 1 50 2000 221440
pcb442 1 50 5000 221440
pcb442 1 50 10000 221440
pcb442 1 50 20000 221440
pcb442 1 100 2000 221440
pcb442 1 100 5000 221440
pcb442 1 100 10000 221440
pcb442 1 100 20000 221440
pcb442 1 200 2000 221440
pcb442 1 200 5000 221440
pcb442 1 200 10000 221440
pcb442 1 200 20000 221440
pcb442 2 20 2000 221440
pcb442 2 20 5000 221440
pcb442 2 20 10000 221440
pcb442 2 20 20000 221440
pcb442 2 50 2000 221440
pcb442 2 50 5000 221440
pcb442 2 50 10000 221440
pcb442 2 50 20000 221440
pcb442 2 100 2000 221440
pcb442 2 100 5000 221440
pcb442 2 100 10000 221440
pcb442 2 100 20000 221440
pcb442 2 200 2000 221440
pcb442 2 200 5000 221440
pcb442 2 200 10000 221440
pcb442 2 200 20000 221440
pcb442 3 20 2000 221440
pcb442 3 20 5000 221440
pcb442 3 20 10000 221440
pcb442 3 20 20000 221440
pcb442 3 50 2000 221440
pcb442 3 50 5000 221440
pcb442 3 50 10000 221440
pcb442 3 50 20000 221440
pcb442 3 100 2000 221440
pcb442 3 100 5000 221440
pcb442 3 100 10000 221440
pcb442 3 100 20000 221440
pcb442 3 200 2000 221440
pcb442 3 200 5000 221440
pcb442 3 200 10000 221440
pcb442 3 200 20000 221440
pr2392 1 20 2000 378032
pr2392 1 20 5000 378032
pr2392 1 20 10000 378032
pr2392 1 20 20000 378032
pr2392 1 50 2000 378032
pr2392 1 50 5000 378032
pr2392 1 50 10000 378032
pr2392 1 50 20000 378032
pr2392 1 100 2000 378032
pr2392 1 100 5000 378032
pr2392 1 100 10000 378032
pr2392 1 100 20000 378032
pr2392 1 200 2000 378032
pr2392 1 200 5000 378032
pr2392 1 200 10000 378032
pr2392 1 200 20000 378032
pr2392 2 20 2000 378032
pr2392 2 20 5000 378032
pr2392 2 20 10000 378032
pr2392 2 20 20000 378032
pr2392 2 50 2000 378032
pr2392 2 50 5000 378032
pr2392 2 50 10000 378032
pr2392 2 50 20000 378032
pr2392 2 100 2000 378032
pr2392 2 100 5000 378032
pr2392 2 100 10000 378032
pr2392 2 100 20000 378032
pr2392 2 200 2000 378032
pr2392 2 200 5000 378032
pr2392 2 200 10000 378032
pr2392 2 200 20000 378032
pr2392 3 20 2000 378032
pr2392 3 20 5000 378032
pr2392 3 20 10000 378032
pr2392 3 20 20000 378032
pr2392 3 50 2000 378032
pr2392 3 50 5000 378032
pr2392 3 50 10000 378032
pr2392 3 50 20000 378032
pr2392 3 100 2000 378032
pr2392 3 100 5000 378032
pr2392 3 100 10000 378032
pr2392 3 100 20000 378032
pr2392 3 200 2000 378032
pr2392 3 200 5000 378032
pr2392 3 200 10000 378032
pr2392 3 200 20000 378032
usa13509 1 20 2000 1590833042
usa13509 1 20 5000 1590833042
usa13509 1 20 10000 1590833042
usa13509 1 20 20000 1590833042
usa13509 1 50 2000 1590833042
usa13509 1 50 5000 1590833042
usa13509 1 50 10000 1590833042
usa13509 1 50 20000 1590833042
usa13509 1 100 2000 1590833042
usa13509 1 100 5000 1590833042
usa13509 1 100 10000 1590833042
usa13509 1 100 20000 1590833042
usa13509 1 200 2000 1590833042
usa13509 1 200 5000 1590833042
usa13509 1 200 10000 1590833042
usa13509 1 200 20000 1590833042
usa13509 2 20 2000 1590833042
usa13509 2 20 5000 1590833042
usa13509 2 20 10000 1590833042
usa13509 2 20 20000 1590833042
usa13509 2 50 2000 1590833042
usa13509 2 50 5000 1590833042
usa13509 2 50 10000 1590833042
usa13509 2 50 20000 1590833042
usa13509 2 100 2000 1590833042
usa13509 2 100 5000 1590833042
usa13509 2 100 10000 1590833042
usa13509 2 100 20000 1590833042
usa13509 2 200 2000 1590833042
usa13509 2 200 5000 1590833042
usa13509 2 200 10000 1590833042
usa13509 2 200 20000 1590833042
usa13509 3 20 2000 1590833042
usa13509 3 20 5000 1590833042
usa13509 3 20 10000 1590833042
usa13509 3 20 20000 1590833042
usa13509 3 50 2000 1590833042
usa13509 3 50 5000 1590833042
usa13509 3 50 10000 1590833042
usa13509 3 50 20000 1590833042
usa13509 3 100 2000 1590833042
usa13509 3 100 5000 1590833042
usa13509 3 100 10000 1590833042
usa13509 3 100 20000 1590833042
usa13509 3 200 2000 1590833042
usa13509 3 200 5000 1590833042
usa13509 3 200 10000 1590833042
usa13509 3 200 20000 1590833042
