evaluations raw_y
1 2677.0000000000
4 2704.0000000000
11 3104.0000000000
35 3175.0000000000
40 3380.0000000000
96 3502.0000000000
151 3549.0000000000
165 3624.0000000000
177 3650.0000000000
185 3678.0000000000
186 3817.0000000000
228 3974.0000000000
260 3998.0000000000
296 4021.0000000000
313 4046.0000000000
335 4255.0000000000
367 4300.0000000000
405 4361.0000000000
434 4368.0000000000
448 4381.0000000000
452 4431.0000000000
489 4451.0000000000
511 4474.0000000000
573 4479.0000000000
581 4488.0000000000
602 4514.0000000000
631 4528.0000000000
676 4559.0000000000
700 4584.0000000000
733 4646.0000000000
759 4686.0000000000
767 4692.0000000000
788 4700.0000000000
826 4701.0000000000
831 4781.0000000000
876 4838.0000000000
907 4841.0000000000
948 4844.0000000000
991 4858.0000000000
1038 4890.0000000000
1054 4949.0000000000
1126 4952.0000000000
1175 4979.0000000000
1225 4982.0000000000
1432 4992.0000000000
1454 5017.0000000000
1563 5026.0000000000
1687 5027.0000000000
1710 5049.0000000000
1771 5050.0000000000
100000 5004.0000000000
evaluations raw_y
1 2355.0000000000
2 2524.0000000000
3 2946.0000000000
5 3070.0000000000
9 3109.0000000000
11 3140.0000000000
19 3275.0000000000
29 3329.0000000000
59 3646.0000000000
111 3699.0000000000
155 3706.0000000000
183 3815.0000000000
185 4011.0000000000
210 4054.0000000000
275 4107.0000000000
302 4188.0000000000
318 4199.0000000000
327 4245.0000000000
381 4334.0000000000
392 4350.0000000000
399 4408.0000000000
471 4436.0000000000
496 4438.0000000000
505 4467.0000000000
516 4475.0000000000
541 4479.0000000000
568 4561.0000000000
593 4608.0000000000
666 4615.0000000000
687 4629.0000000000
725 4737.0000000000
834 4742.0000000000
877 4795.0000000000
990 4803.0000000000
1001 4816.0000000000
1018 4829.0000000000
1041 4845.0000000000
1084 4858.0000000000
1091 4871.0000000000
1145 4955.0000000000
1263 4960.0000000000
1307 4983.0000000000
1321 4986.0000000000
1346 4991.0000000000
1356 5011.0000000000
1427 5016.0000000000
1633 5019.0000000000
1705 5046.0000000000
1760 5050.0000000000
100000 5050.0000000000
evaluations raw_y
1 2244.0000000000
2 2788.0000000000
3 2872.0000000000
27 2933.0000000000
29 3044.0000000000
32 3111.0000000000
33 3142.0000000000
34 3311.0000000000
85 3314.0000000000
89 3589.0000000000
111 3707.0000000000
140 3923.0000000000
226 3928.0000000000
229 3969.0000000000
255 3970.0000000000
265 4117.0000000000
272 4190.0000000000
281 4281.0000000000
365 4340.0000000000
386 4429.0000000000
423 4444.0000000000
462 4524.0000000000
476 4534.0000000000
499 4576.0000000000
509 4591.0000000000
534 4612.0000000000
563 4625.0000000000
567 4648.0000000000
621 4709.0000000000
644 4715.0000000000
693 4763.0000000000
716 4765.0000000000
718 4766.0000000000
724 4774.0000000000
833 4785.0000000000
918 4791.0000000000
934 4792.0000000000
945 4819.0000000000
957 4825.0000000000
973 4830.0000000000
995 4875.0000000000
1007 4900.0000000000
1216 4916.0000000000
1337 4917.0000000000
1343 4933.0000000000
1400 4956.0000000000
1430 4984.0000000000
1454 4991.0000000000
1457 4994.0000000000
1461 5024.0000000000
1756 5043.0000000000
1849 5049.0000000000
2349 5050.0000000000
100000 5050.0000000000
evaluations raw_y
1 2429.0000000000
2 2686.0000000000
5 2757.0000000000
6 3143.0000000000
35 3266.0000000000
60 3393.0000000000
93 3570.0000000000
156 3688.0000000000
188 3784.0000000000
222 3867.0000000000
255 3974.0000000000
267 4151.0000000000
320 4202.0000000000
343 4319.0000000000
364 4393.0000000000
401 4440.0000000000
429 4463.0000000000
441 4536.0000000000
465 4626.0000000000
532 4635.0000000000
534 4670.0000000000
612 4683.0000000000
636 4701.0000000000
731 4714.0000000000
739 4748.0000000000
830 4840.0000000000
902 4854.0000000000
997 4856.0000000000
1030 4866.0000000000
1055 4869.0000000000
1061 4880.0000000000
1065 4908.0000000000
1125 4910.0000000000
1148 4962.0000000000
1187 4964.0000000000
1188 4976.0000000000
1196 4978.0000000000
1247 4991.0000000000
1291 4996.0000000000
1328 5009.0000000000
1551 5010.0000000000
1921 5017.0000000000
1960 5043.0000000000
1995 5050.0000000000
100000 4900.0000000000
evaluations raw_y
1 2671.0000000000
4 2803.0000000000
19 2953.0000000000
27 3661.0000000000
122 3666.0000000000
173 3710.0000000000
206 3801.0000000000
215 3917.0000000000
228 3952.0000000000
253 3993.0000000000
286 4044.0000000000
306 4116.0000000000
335 4118.0000000000
340 4181.0000000000
382 4247.0000000000
405 4310.0000000000
421 4390.0000000000
448 4444.0000000000
494 4511.0000000000
513 4531.0000000000
525 4557.0000000000
543 4565.0000000000
544 4578.0000000000
552 4628.0000000000
625 4655.0000000000
654 4672.0000000000
657 4676.0000000000
697 4697.0000000000
710 4698.0000000000
730 4710.0000000000
737 4725.0000000000
779 4763.0000000000
814 4777.0000000000
830 4808.0000000000
869 4809.0000000000
876 4815.0000000000
896 4916.0000000000
1013 4945.0000000000
1062 4959.0000000000
1286 4990.0000000000
1418 5005.0000000000
1576 5041.0000000000
1765 5050.0000000000
100000 5023.0000000000
evaluations raw_y
1 2466.0000000000
4 2759.0000000000
5 3261.0000000000
30 3388.0000000000
83 3725.0000000000
134 4019.0000000000
137 4131.0000000000
240 4156.0000000000
253 4190.0000000000
319 4210.0000000000
328 4214.0000000000
335 4223.0000000000
336 4237.0000000000
340 4251.0000000000
347 4275.0000000000
364 4280.0000000000
390 4285.0000000000
391 4308.0000000000
395 4314.0000000000
428 4334.0000000000
442 4358.0000000000
448 4367.0000000000
472 4370.0000000000
479 4386.0000000000
492 4404.0000000000
512 4455.0000000000
530 4468.0000000000
538 4579.0000000000
647 4590.0000000000
715 4605.0000000000
729 4625.0000000000
757 4634.0000000000
798 4700.0000000000
850 4709.0000000000
867 4782.0000000000
921 4786.0000000000
970 4816.0000000000
996 4825.0000000000
1035 4831.0000000000
1059 4840.0000000000
1076 4861.0000000000
1155 4870.0000000000
1162 4924.0000000000
1204 4939.0000000000
1242 4948.0000000000
1322 4983.0000000000
1488 4986.0000000000
1611 5008.0000000000
1623 5011.0000000000
1806 5012.0000000000
1876 5013.0000000000
1895 5035.0000000000
1971 5046.0000000000
2054 5050.0000000000
100000 4956.0000000000
evaluations raw_y
1 2518.0000000000
2 2868.0000000000
3 3048.0000000000
6 3193.0000000000
93 3235.0000000000
108 3284.0000000000
126 3421.0000000000
130 3536.0000000000
165 3645.0000000000
181 3646.0000000000
200 3712.0000000000
215 3816.0000000000
231 3919.0000000000
286 4202.0000000000
376 4211.0000000000
381 4216.0000000000
388 4226.0000000000
401 4239.0000000000
421 4269.0000000000
435 4276.0000000000
439 4341.0000000000
458 4388.0000000000
474 4418.0000000000
543 4426.0000000000
546 4463.0000000000
550 4480.0000000000
566 4574.0000000000
626 4603.0000000000
645 4643.0000000000
692 4662.0000000000
707 4674.0000000000
725 4700.0000000000
732 4704.0000000000
790 4706.0000000000
802 4718.0000000000
815 4753.0000000000
879 4766.0000000000
917 4769.0000000000
942 4789.0000000000
997 4856.0000000000
1067 4861.0000000000
1086 4863.0000000000
1102 4878.0000000000
1117 4897.0000000000
1210 4902.0000000000
1451 4939.0000000000
1648 4982.0000000000
1688 5011.0000000000
1798 5012.0000000000
1848 5025.0000000000
1971 5046.0000000000
2488 5050.0000000000
100000 5050.0000000000
evaluations raw_y
1 2592.0000000000
4 2748.0000000000
5 2806.0000000000
13 2878.0000000000
17 2901.0000000000
36 2937.0000000000
41 2988.0000000000
45 3033.0000000000
63 3123.0000000000
71 3178.0000000000
87 3503.0000000000
171 3593.0000000000
187 3607.0000000000
189 3703.0000000000
201 3820.0000000000
207 3908.0000000000
258 3948.0000000000
280 4070.0000000000
335 4230.0000000000
350 4314.0000000000
441 4389.0000000000
446 4475.0000000000
518 4489.0000000000
522 4498.0000000000
531 4507.0000000000
554 4536.0000000000
571 4560.0000000000
585 4605.0000000000
618 4627.0000000000
670 4633.0000000000
686 4687.0000000000
725 4743.0000000000
784 4751.0000000000
802 4763.0000000000
803 4817.0000000000
829 4825.0000000000
837 4859.0000000000
929 4861.0000000000
956 4874.0000000000
1024 4895.0000000000
1044 4899.0000000000
1067 4910.0000000000
1098 4933.0000000000
1104 4950.0000000000
1177 4981.0000000000
1326 4983.0000000000
1362 5009.0000000000
1523 5011.0000000000
1528 5021.0000000000
1619 5023.0000000000
1649 5032.0000000000
1661 5034.0000000000
1665 5048.0000000000
1679 5050.0000000000
100000 5050.0000000000
evaluations raw_y
1 2250.0000000000
2 2370.0000000000
4 3302.0000000000
111 3605.0000000000
124 3630.0000000000
171 3641.0000000000
181 3730.0000000000
184 3800.0000000000
201 3848.0000000000
217 3974.0000000000
279 4024.0000000000
294 4058.0000000000
316 4110.0000000000
327 4149.0000000000
386 4204.0000000000
400 4257.0000000000
424 4321.0000000000
480 4383.0000000000
500 4400.0000000000
533 4430.0000000000
544 4467.0000000000
592 4505.0000000000
608 4508.0000000000
618 4524.0000000000
627 4574.0000000000
649 4618.0000000000
687 4668.0000000000
701 4687.0000000000
747 4702.0000000000
749 4707.0000000000
769 4718.0000000000
792 4725.0000000000
818 4733.0000000000
844 4734.0000000000
847 4735.0000000000
866 4748.0000000000
884 4785.0000000000
915 4800.0000000000
999 4816.0000000000
1042 4832.0000000000
1045 4833.0000000000
1053 4849.0000000000
1101 4872.0000000000
1146 4880.0000000000
1161 4888.0000000000
1171 4890.0000000000
1255 4916.0000000000
1268 4933.0000000000
1280 4940.0000000000
1298 4951.0000000000
1353 4971.0000000000
1603 4998.0000000000
1792 5015.0000000000
1911 5025.0000000000
2065 5037.0000000000
2190 5043.0000000000
2721 5050.0000000000
100000 4989.0000000000
evaluations raw_y
1 2559.0000000000
2 2648.0000000000
3 2892.0000000000
8 3106.0000000000
33 3110.0000000000
40 3116.0000000000
44 3138.0000000000
53 3550.0000000000
74 3667.0000000000
94 3687.0000000000
180 3867.0000000000
268 3914.0000000000
275 3968.0000000000
296 4039.0000000000
339 4135.0000000000
354 4149.0000000000
377 4202.0000000000
384 4236.0000000000
424 4256.0000000000
429 4293.0000000000
430 4321.0000000000
442 4378.0000000000
450 4399.0000000000
463 4422.0000000000
478 4445.0000000000
517 4471.0000000000
537 4487.0000000000
550 4520.0000000000
572 4544.0000000000
608 4593.0000000000
620 4622.0000000000
648 4634.0000000000
665 4648.0000000000
683 4684.0000000000
716 4685.0000000000
737 4686.0000000000
738 4738.0000000000
751 4745.0000000000
761 4767.0000000000
832 4781.0000000000
859 4790.0000000000
904 4805.0000000000
932 4817.0000000000
943 4856.0000000000
959 4862.0000000000
1015 4877.0000000000
1097 4884.0000000000
1113 4907.0000000000
1145 4928.0000000000
1207 4948.0000000000
1245 4955.0000000000
1432 5034.0000000000
1685 5042.0000000000
2104 5044.0000000000
2400 5050.0000000000
100000 5050.0000000000
